image: F3_Straight_Med_MBS.pgm
resolution: 0.010000
origin: [-10.000000, -41.680000, 0.000000]
negate: 0
occupied_thresh: 0.65
free_thresh: 0.196

